200
68.0684 44.6339 61.705
49.0814 37.1268 8.41758
17.0388 69.5517 5.9415
32.9908 83.7284 5.32418
99.9404 46.507 55.1899
52.8054 89.3155 47.7453
59.9181 9.45636 29.8804
51.5125 45.4053 98.7654
0.39081 23.8968 54.6957
45.499 20.1295 46.5062
80.8926 47.2217 67.8312
27.8609 83.2096 49.0226
67.4346 83.393 53.1881
49.5847 64.9066 85.7305
24.1957 35.9461 13.053
66.3692 49.0057 84.93
99.7947 10.5311 62.1516
19.9802 62.0273 60.2375
16.822 48.3873 78.3685
13.3207 4.34342 49.3498
75.0991 77.8755 55.2353
69.6433 90.6675 65.8941
21.5654 23.1131 55.6637
64.4509 51.5803 49.4977
71.9695 57.5842 47.7816
89.1153 41.3892 68.9364
27.2374 55.0164 35.1315
91.0463 13.0625 70.4934
20.2076 76.0892 56.4352
52.1716 32.1125 70.9053
96.48 11.1794 15.9954
28.8972 81.5872 0.891309
1.29967 44.9165 44.5016
12.874 43.0804 63.1963
68.2004 20.2541 46.425
0.363169 40.928 92.9086
72.2021 33.7045 37.3032
41.4532 90.9891 67.8692
8.40184 98.6097 50.4311
49.592 41.2597 69.4397
90.062 43.6179 97.541
77.9541 47.8627 58.312
67.6251 78.8355 22.3974
75.0654 31.0549 54.9428
78.6444 24.5918 99.7066
83.1634 69.5333 81.8497
30.2026 2.53002 27.4139
74.362 20.17 12.8014
92.0774 95.0239 49.0122
83.6124 39.3874 60.2069
7.48933 5.67635 25.8047
98.8665 49.8 48.8616
29.0377 6.00219 9.89531
90.6654 21.7413 57.3726
61.6764 56.5337 51.7426
8.35767 62.2551 41.079
4.12147 84.5365 9.20119
99.6819 65.3475 2.63611
99.258 57.1629 83.6971
24.207 59.352 2.69357
33.6831 94.563 13.5613
92.7896 89.4141 63.7217
44.7358 78.6096 33.5419
31.6215 60.9088 5.85283
31.4223 47.9482 72.0178
68.6264 13.291 28.6032
72.2428 3.76637 49.5604
3.82318 74.1213 60.0128
77.4971 44.9535 5.0045
55.2513 29.7434 36.809
3.05917 86.6744 7.71523
78.623 74.6781 69.439
16.6698 20.0719 38.3751
12.4306 65.9474 58.8656
48.0943 35.5227 20.3044
25.6476 78.61 3.7872
73.6154 65.067 41.0855
49.4766 48.3105 40.6437
7.4767 93.9041 32.3169
89.0847 88.6366 60.1694
28.8854 3.66605 78.314
79.9275 6.3105 98.3772
72.4486 69.261 34.2362
34.0401 24.3755 76.2852
23.4038 95.1929 36.038
75.5185 99.3789 42.1219
55.5835 66.7872 61.64
49.8126 90.7309 83.1835
91.4898 51.5345 3.56333
81.7357 53.6688 90.1665
34.4143 9.6032 43.7721
37.3942 69.1377 84.9402
7.73924 80.6584 71.5552
55.2242 54.2218 68.2557
36.391 77.0244 62.3093
84.8052 28.0183 18.5226
41.9766 99.2254 50.6733
27.7181 8.35546 78.5696
0.00692272 93.0485 94.9151
31.5306 52.0378 30.752
29.1523 46.5841 11.5995
13.8134 98.8844 7.93789
14.0337 96.9217 73.3647
87.5323 52.0999 14.9029
51.7357 99.858 24.8504
62.3501 21.7348 26.1381
90.991 44.0589 55.4336
10.5406 86.5891 65.7832
14.7166 79.373 31.3166
46.358 45.5675 40.4916
70.3503 67.2194 33.0261
94.2904 58.2188 38.8331
11.2866 51.0679 24.633
33.9643 71.6879 56.1461
67.9666 18.7457 97.997
99.0845 38.2087 1.5604
45.217 75.1549 33.8894
77.4555 61.9217 17.8757
36.6046 17.6415 45.889
77.7097 3.32865 13.5038
58.155 51.0799 76.2412
31.5726 48.8731 97.9743
77.0344 7.17822 80.5165
21.3169 96.3855 76.8915
68.426 14.5456 40.3476
81.9323 20.2888 57.3001
86.5595 12.3257 68.1298
91.9681 34.111 60.7178
64.2698 16.1402 65.8282
42.9742 18.2329 14.6409
51.6114 32.8812 52.4845
51.5188 36.7858 47.9541
48.8103 96.0751 9.38399
62.9433 97.8564 27.662
4.4551 20.9375 15.7688
66.1716 70.96 64.3629
72.2234 84.6825 51.917
6.41823 85.3974 25.4597
26.1447 34.0644 73.3471
97.2449 61.5181 51.6702
8.65433 69.884 77.661
37.6625 93.6153 42.3736
27.4234 51.9955 11.3616
17.9602 11.7658 70.4185
71.5731 80.4393 92.6743
9.4665 12.3425 35.2549
6.24194 57.3898 98.2558
86.864 68.1041 13.788
33.0685 52.5216 38.5504
56.0611 29.5431 79.7405
46.6882 67.9062 26.8939
41.5279 54.3084 93.4856
81.9083 71.4116 67.5457
63.7741 98.8271 53.1472
34.5106 51.1815 98.6701
90.82 41.4909 42.4167
49.0475 45.182 64.0037
32.9131 44.193 40.0806
46.4262 39.6705 63.9482
98.8357 48.5697 67.3494
43.6137 91.0027 33.1935
77.0459 12.2175 72.2732
37.9387 25.2233 27.2392
47.8674 68.4037 77.5888
25.2978 43.063 97.8466
65.0835 10.4419 9.38935
95.7649 53.1473 85.491
81.0205 79.9206 32.8248
16.7983 89.0012 6.7704
45.6386 83.2698 9.01495
17.3734 65.1042 15.3674
96.7933 28.8421 56.6311
21.5895 31.7414 33.4537
62.4426 46.7506 30.6221
50.163 2.58373 53.8607
88.0542 51.2857 35.4736
36.4202 36.9157 48.2001
20.9777 95.6567 10.081
43.8602 49.4609 7.94306
94.9471 51.325 64.6932
69.5892 34.9989 84.2828
17.3051 34.5172 40.9911
11.3457 4.003 63.4571
62.5901 20.6198 45.8922
67.2303 87.4176 98.4311
58.2899 83.6619 34.7789
20.2731 45.7194 73.8304
72.6826 50.6506 72.9711
62.3855 47.6293 73.6736
85.1832 80.2958 92.3369
11.1901 77.7767 21.1185
62.4329 78.1073 0.523472
53.5907 58.7112 94.7531
7.67337 80.7239 20.4151
29.7216 13.5416 94.7743
82.666 73.4692 45.8888
35.7021 9.11598 22.8974
83.6134 64.4181 83.6894
77.4176 83.733 24.0776
59.4909 48.2286 5.12633
6
2 1522164.794408
56 1522164.804948
70 1522164.808845
75 1522164.815279
168 1522164.816051
170 1522164.818660
8
2 1522164.894492
56 1522164.903522
70 1522164.907675
168 1522164.916098
75 1522164.916203
170 1522164.917692
193 1522164.921490
190 1522164.921654
8
2 1522164.994524
56 1522165.001817
70 1522165.006351
168 1522165.016108
170 1522165.016266
75 1522165.017197
193 1522165.018905
190 1522165.019182
8
2 1522165.095274
56 1522165.101099
70 1522165.105745
170 1522165.116167
168 1522165.116649
193 1522165.118016
75 1522165.118401
190 1522165.118471
8
2 1522165.195978
56 1522165.200177
70 1522165.205028
170 1522165.215719
193 1522165.216601
168 1522165.217166
190 1522165.217226
75 1522165.219659
8
2 1522165.296687
56 1522165.298948
70 1522165.304168
193 1522165.314268
170 1522165.314701
190 1522165.315045
168 1522165.317665
75 1522165.321045
7
2 1522165.397751
56 1522165.398411
70 1522165.403770
193 1522165.413285
190 1522165.414266
170 1522165.414673
168 1522165.418472
7
56 1522165.498005
2 1522165.498923
70 1522165.503479
193 1522165.512438
190 1522165.513636
170 1522165.514779
168 1522165.519377
7
56 1522165.597372
2 1522165.600218
70 1522165.603135
193 1522165.610537
190 1522165.611942
170 1522165.614304
168 1522165.620331
7
56 1522165.697183
2 1522165.701647
70 1522165.703059
193 1522165.709637
190 1522165.711285
170 1522165.714514
168 1522165.721442
6
56 1522165.797252
2 1522165.803121
70 1522165.803126
193 1522165.809404
190 1522165.811314
170 1522165.815157
6
56 1522165.897239
70 1522165.903274
2 1522165.904842
193 1522165.908103
190 1522165.910277
170 1522165.915288
6
56 1522165.997497
70 1522166.003574
2 1522166.006605
193 1522166.007484
190 1522166.009939
170 1522166.015860
6
56 1522166.097960
70 1522166.103923
193 1522166.107864
2 1522166.108265
190 1522166.110609
170 1522166.116976
6
56 1522166.198493
70 1522166.204479
193 1522166.207278
2 1522166.210256
190 1522166.210321
170 1522166.217697
6
56 1522166.299199
70 1522166.305141
193 1522166.307107
190 1522166.310453
2 1522166.312279
170 1522166.318682
6
56 1522166.399974
70 1522166.405718
193 1522166.408038
190 1522166.411674
2 1522166.414071
170 1522166.420185
6
56 1522166.500924
70 1522166.506578
193 1522166.508186
190 1522166.512122
2 1522166.516217
170 1522166.521417
